%YAML:1.0
---
model_type: PINHOLE
camera_name: camera
image_width: 640
image_height: 480
distortion_parameters:
   k1: 0.0
   k2: 0.0
   p1: 0.0
   p2: 0.0
projection_parameters:
   fx: 387.6734313964844
   fy: 387.6734313964844
   cx: 319.6954650878906
   cy: 238.04908752441406
